750
493
727
323
766
74
477
992
538
293
807
220
274
925
135
764
100
827
574
699 749
43
317
107
914
33
944
112
772
56
193
605
822
29
16
826
820
762 782
489
506
356
851
346
377
881 912
487 498
931
971
464 529
610
132
713
604
480
230
279
959
347
602
400
738
171 172
1
448
439
113
596
421
642
569
361
40 80
526
591
917
863
379
900
745
638
62
184
767
645
106
440
857 866
103
276
186
369
81
496 512
875
176
832 858
831
139
28
850
800 808
396
294
669
811
755
843
890
456
431
616
237 264
178
778
531
680
451
442
441
775
297 321
94 108
704
780
964
371 388
453
773 781
923
556
205
989
742
362
326
167
658
977 988
598 600
961 981
22
39
515
463
907
810 818
791
173 199
908
896
640
540
122
141
671
639
647
211
760 794
798 892
352
983
77
197
229
761
202
97 104
682
69 86
296
970
479
687
391
284
277
938
331 359
257 269
48
145
374
918 919
159
702
9
879 920
235
225
611
120
445 449
624 664
876 930
303
593
283
969
261
218 223
641
34
646
833 835
601 628
821
425
460
823
962
154
265
170
185 191
423
210
939
656
437 459
784
901 904
868 897
50
859
340
869
652
300
461 475
864
803
286
398 403
419 466
393
381
152 180
870
533
776
316
38
491
815
709 710
383 394
319
522 524
254
976
942
728
557
585 590
308
793 806
418 427
239
111
899
545 577
125
17
367
614
4
7
880
311
986
397
212
42
485
208
756
589 618
507
267
390 428
177
667
354
370
536
387
954
332
539
183 204
304 307
552 586
707
777
37 57
181
52 72
943 952
905
998
984 49
922
275
679
902 916
60
849
473
906
407 414
692
492 495
258
634 635
829
644
73
272
325
309
129 134
386 401
291 295
164
87
746
561
341 344
494 537
105 150
305
792
292
508
78
910 928
351
560
809
468
945 980
921
357
90
233
739
25
878
734
404
649
189
884 898
509
660 666
518 525
993 8
162 169
873 885
839
544 674
140
909 940
759 789
686 714
643 653
447 458
541
364
691
887
206 214
47 61
82 85
567
14
975
213
804
196
153 155
862 872
232
972
845
27 51
329
282
662 675
41
349
389
613
654
19
549
951
950
994
534 547
114 118
378
182 188
70
53 54
997
343 384
497
570
432 484
765 770
661 721
241
712
695 737
247
133 137
190 207
342
209
306 322
281
335 337
958 965
706
786
865
365 373
324 363
719
979 0
748
416
968 974
411
963
779
236 270
913
757
436
412
683 685
262 263
915 937
768
629
799
814 837
117 175
935
733
730
483
234 238
672
736
67 101
198 226
24
888
187
860
636 637
936
753 758
217
6 18
891 903
688
203
328
457
79 84
510 535
514
708
99 130
579 582
255
380
554
987
523 558
842
149
724
607 608
142
250 266
501 503
933
584
967 996
700 752
632 633
894 995
655
693
21
45
298
597
11
517 563
609 622
65 76
580 599
216
855
124 146
751 813
320
312
287
259 285
372 392
358
627
58 66
93 115
982 991
63
735 740
819
313
452 454
290 336
555
126 160
13
433
750 783
368 376
576
505
278
575
420
677
268
151 165
895
927 934
240
594
102 123
630 631
415 438
435
299
588
572 583
75
834 838
701 703
747
678
551
399 417
718
260
668 676
472
698 717
348
55 59
302
550
621
520
109
500
530
382 405
941 946
617 620
606
88 91
787
720 731
424 444
519
874
725
252 273
15 20
790
215 224
785
92
121
848
174
578 587
148
476 527
353 375
245
657 684
271 280
289 339
841 853
410 422
592
23
771
310 395
89
315
650
966
924
446
889
10 26
852
474 528
3
136
659 673
288 338
95 96
31 44
817 840
201
681 689
221 253
408 409
127
741
35
521 543
462
469 470
333
947 953
219
98
402 413
553 581
242 249
330 345
30 32
824 828
802
163 168
595 651
194
542 548
716 726
246 248
697 705
5
948
516
450
144 147
243 256
486
546
156 157
836
301
443 490
406
886
867
222
882 911
690
665 670
83
488
481 513
426 434
128 143
978
985 999
932 956
564 568
138 231
844
366 385
562 571
729
192
949 957
110
623
502
350 355
565
955
812
893
626
314
990 36
796 797
769 774
846 856
648
612 625
64 68
788 883
744 795
830
801 825
566 573
429
455 482
816 871
603 696
179
694
559
763 805
732
158 161
854
926
754
504
929 960
430
195 200
166
615 619
722
465 478
334
467
251
119 131
360
499
227 244
711 715
318 327
663
228
471 511
532
723
973 12
877
2 46
743
847 861
71 116
